########################################
# station lists:
DenmarkALL <- c(06030,06041,06043,06049,06052,06058,06060,06070,06072,06073,
        06074,06079,06080,06081,06096,06102,06104,06110,06116,06118,06119,
        06120,06123,06126,06135,06138,06141,
        06149,06151,06154,06156,06165,06168,
        06170,06180,06181,06190,06193)
DenmarkCoast <- c( 06041,06043,06052,06058,06073, 06079,06081,06096,06119,06123,06126,06138, 06149,06151,06165,06193)

DenmarkLand <- c(06030,06049,06060,06072,06102,06104,06110,06116, 06120,06126,06135,06141, 06156,06170)

DenmarkSkogen <-c(06041)

DenmarkRosskilde <-c(6170)

DenmarkHighFreq <-c( 01001, 01271, 01317, 01384, 01442, 01465, 01467, 02186, 02464, 02513, 02516, 02518, 02536, 02539, 02540, 02542, 02548, 02549)

DenmarkBjarneSel  <- c(06041, 06052, 06058, 06073, 06079, 06081, 06093, 06096, 06118, 06119, 06123, 06124, 06138, 06147, 06149, 06151, 06159, 06165, 06169, 06180, 06190, 06193, 06197, 06019, 06030, 06031, 06032, 06033, 06049, 06056, 06060, 06065, 06068, 06069, 06070, 06072, 06074, 06080, 06082, 06102, 06104, 06109, 06110, 06120, 06126, 06135, 06136, 06141, 06154, 06156, 06170, 06174, 06181, 06188)

DenmarkBjarneCoast <- c( 06041, 06052, 06058, 06073, 06079, 06081, 06093, 06096, 06118, 06119, 06123, 06124, 06138, 06147, 06149, 06151, 06159, 06165, 06169, 06180, 06190, 06193, 06197)

DenmarkBjarneLand <- c(06019, 06030, 06031, 06032, 06049, 06056, 06060, 06065, 06068, 06069, 06070, 06072, 06074, 06080, 06082, 06102, 06104, 06109, 06110, 06120, 06126, 06135, 06136, 06141 , 06154, 06156, 06170, 06174, 06181)

Iceland <- c(04005, 04007, 04010, 04013, 04038, 04067, 04082, 
	     04083, 04085, 04097, 04101, 04104, 04105, 04106, 04108, 
	     04109, 04110, 04111, 04114, 04115, 04121, 04122, 04125, 04127, 04128, 04135, 04136, 04142, 04144, 04145, 04146, 04147, 04148, 04149, 04151, 04157, 04160, 04162, 04165, 04166, 04169, 04170, 04172, 04174, 04177, 04180, 04181, 04183, 04184, 04185, 04188, 04189, 04190, 04194, 04195, 04196, 04197, 04801, 04802, 04803, 04805, 04806, 04808, 04809, 04810, 04812, 04817, 04818, 04819, 04823, 04829, 04832, 04833, 04837, 04839, 04843, 04848, 04853, 04856, 04877, 04878, 04879, 04881, 04883, 04884, 04886, 04887, 04890, 04892, 04893, 04899, 04904, 04905, 04906, 04907, 04908, 04909, 04912, 04915, 04918, 04919, 04927, 04933, 04935, 04936, 04939, 04943, 04950, 04957, 04959, 04961, 04968, 04970, 04975, 04978, 04981, 04982, 04983, 04985, 04986, 04990, 04991, 04993, 04994, 04995, 04998)




CARRANorwayIslands        <- c(1001,1028,1062)

CARRASvalbard      <- c(1002,1003,1003,1005,1006,1007,1008,1009,1011,1013,1016,1017,20107,199762,199870)

CARRANorwayCoast   <- c(1115,1114,1152,1144,1105,1160,1161,1141,1139,1107,1156,1010,1015,1033,1044,
                        1043,1052,1055,1068,1074,1078,1083,1086,1092,1098,1099,1088,180200,180340,
                        182310,182530,183300,186520,186950,188460,188660,190650,192650,196560,196600)

CARRANorwayFjords  <- c(1158,1192,1183,1167,1162,1156,1027,1026,1025,1046,1045,1049,1059,1089,180705,
                        182110,182650,182840,183520,184070,185080,185440,185470,187750,187860,188200,
                        190100,191080,191150,191180,191725,192910,194130,194170,194800,194870,195590,
                        195900,196220)

CARRANorwayinland  <- c(1169,1143,1023,1198,1037,1058,1199,1076,1065,1057,1084,1082,1147,179762,181365,
                        181775,181900,182720,184190,188100,189980,196931,196970,199340)

CARRAMountainsNE   <- c(2028,2029,2102,1018,1030,1035,1036,1042,1064,184880,184900,191530,2701)

CARRASweFin400800m <-c(2013,2019,2020,2024,2031,2036,2038,2044,2045,2055,2101,2103,2104,2110,2121,2123,
                        2124,2130,2141,2219,2233,2256,2006,2007,2012,2021,2023,2025,2048,2060,2105,2108,
                        2112,2118,2122,2131,2136,2235,2142030,2144160,2144380,2144510,2144530,2144550,
                        2144560,2144650,2145500,2145560,2145710,2146250,2146500,2146530,2146600,2147210,
                        2147300,2147390,2147430,2147460,2147630,2147710,2148150,2148200,2148270,2148300,
                        2148610,2148620,2154840,2154920,2155680,2155710,2155720,2155730,2155740,2155770,
                        2155800,2155850,2155890,2155900,2155910,2155920,2155930,2155950,2155980,2155990,
                        2156230,2156730,2156740,2156770,2156800,2156830,2156840,2156850,2156860,2156880,
                        2156920,2156930,2156990,2157010,2157020,2157670,2157750,2157970,2157980,2158810,
                        2158820,2158830,2158880,2158900,2158970,2158980,2159600,2160610,2164720,2164730,
                        2166600,2166810,2166840,2167730,2167790,2167820,2167850,2168010,2168760,2168820,
                        2169010,2169020,2169990,2170940,2178740,2179940,2179950,2180010,2180610,2180620,
                        2180690,2180710,2180780,2180790,2180860,2180946,2180960,2181600,2188830,2189740,
                        2190970,2191940,2191960,2705,2801,2817,2820,2821,2868)

